INDEX     YEN     SIGMA    OTSU [0.7,1.15,1.0, 1.3,1.4,1.1,1.4,1.3,1,1,1.25,1.3,1.25,1.1,0.6,1.4,0.5] OU [1.2,1.4,1.4,1.6,1.4,1.1,1.4,1.3,1,1,1.25,1.3,1.25,1.1,0.6,1.4,0.5] DEPENDENDO SE É DECONVOLUTED2D OU BLUE CHANNEL!!
(n tenho a certeza)
11        0.3        2
16          1        2
18        0.7        2
20        0.9        2
34          1        2
36        0.8        2
38        0.7        2
40        0.9        2
42        0.7        2
44        0.7        2
59          1        2
63        1.3        2
66        0.4        2
70        0.9        2
72        1.1        2
74       0.95        2
9         0.9        2